1 90.0
2 81.8139466381
3 73.6404836525
4 65.4487815937
5 57.267232739
6 49.0938647328
7 40.9061352672
8 32.732767261
9 24.5512184063
10 16.3595163475
11 8.18605336192
12 0.0
13 -8.18605336192
14 -16.3595163475
15 -24.5512184063
16 -32.732767261
17 -40.9061352672
18 -49.0938647328
19 -57.267232739
20 -65.4487815937
21 -73.6404836525
22 -81.8139466381
23 -90.0
24 -98.1860533619
25 -106.359516348
26 -114.551218406
27 -122.732767261
28 -130.906135267
29 -139.093864733
30 -147.267232739
31 -155.448781594
32 -163.640483652
33 -171.813946638
34 180.0
35 171.813946638
36 163.640483652
37 155.448781594
38 147.267232739
39 139.093864733
40 130.906135267
41 122.732767261
42 114.551218406
43 106.359516348
44 98.1860533619
45 90.0
46 80.5193632368
47 71.0516979509
48 61.5838960595
49 52.1082656464
50 42.6248312246
51 33.1559697979
52 23.6813206409
53 14.2137965143
54 4.73192304224
55 -4.73192304224
56 -14.2137965143
57 -23.6813206409
58 -33.1559697979
59 -42.6248312246
60 -52.1082656464
61 -61.5838960595
62 -71.0516979509
63 -80.5193632368
64 -90.0
65 -99.4806367632
66 -108.948302049
67 -118.41610394
68 -127.891734354
69 -137.375168775
70 -146.844030202
71 -156.318679359
72 -165.786203486
73 -175.268076958
74 175.268076958
75 165.786203486
76 156.318679359
77 146.844030202
78 137.375168775
79 127.891734354
80 118.41610394
81 108.948302049
82 99.4806367632
83 90.0
84 78.3867199361
85 66.7763325536
86 55.1550602385
87 43.5547398992
88 31.9365546187
89 20.3257903027
90 8.70549915564
91 -2.90437176373
92 -14.5180206859
93 -26.1293827056
94 -37.7409586803
95 -49.353127293
96 -60.9658010406
97 -72.5798850384
98 -84.1849011791
99 -95.8150988209
100 -107.420114962
101 -119.034198959
102 -130.646872707
103 -142.25904132
104 -153.870617294
105 -165.481979314
106 -177.095628236
107 171.294500844
108 159.674209697
109 148.063445381
110 136.445260101
111 124.844939762
112 113.223667446
113 101.613280064
