56,2.54
0.0834,0.3402, 0.045
0.1816,0.2995, 0.045
0.2995,0.1815, 0.045
0.3402,0.0834, 0.045
0.3402,-0.0834, 0.045
0.2995,-0.1816, 0.045
0.1815,-0.2995, 0.045
0.0834,-0.3402, 0.045
-0.0834,-0.3402, 0.045
-0.1815,-0.2995, 0.045
-0.2995,-0.1815, 0.045
-0.3402,-0.0834, 0.045
-0.3402,0.0834, 0.045
-0.2995,0.1816, 0.045
-0.1815,0.2995, 0.045
-0.0834,0.3402, 0.045
0.0,0.35
0.2475,0.2475
0.35,0.0
0.2475,-0.2475
0.0,-0.35
-0.2475,-0.2475
-0.35,0.0
-0.2475,0.2475
0.0,0.42
0.297,0.297
0.42,0.0
0.297,-0.297
0.0,-0.42
-0.297,-0.297
-0.42,0.0
-0.297,0.297
0.0,0.27
0.1909,0.1909
0.27,0.0
0.1909,-0.1909
0.0,-0.27
-0.1909,-0.1909
-0.27,0.0
-0.1909,0.1909 
0.0,0.2025
0.1432,0.1432
0.2025,0.0
0.1432,-0.1432
0.0,-0.2025
-0.1432,-0.1432
-0.2025,0.0
-0.1432,0.1432
0.0,0.14
0.099,0.099
0.14,0.0
0.099,-0.099
0.0,-0.14
-0.099,-0.099
-0.14,0.0
-0.099,0.099






