1 89.6913307334
2 75.8440801079
3 62.0
4 48.1559198921
5 34.3086692666
6 20.4534023336
7 6.61999748765
8 -7.23367471662
9 -21.0785576053
10 -34.9214423947
11 -48.7663252834
12 -62.6199974877
13 -76.4534023336
14 -90.3086692666
15 -104.155919892
16 -118.0
17 -104.155919892
18 -145.691330733
19 -159.546597666
20 -173.380002512
21 172.766325283
22 158.921442395
23 145.078557605
24 131.233674717
25 117.380002512
26 103.546597666
27 62.0
28 17.0
29 -28.0
30 -73.0
31 -118.0
32 -163.0
33 152.0
34 107.0
35 62.0
36 17.0
37 -28.0
38 -73.0
39 -118.0
40 -163.0
41 152.0
42 107.0
