32,2.54
-0.0001,0.3500,0.2286
0.2475,0.2475,0.2286
0.3500,0.0001,0.2286
0.2474,-0.2474,0.2286
0.0001,-0.3500,0.2286
-0.2475,-0.2475,0.2286
-0.3500,-0.0001,0.2286
-0.2475,0.2475,0.2286
-0.1339,0.3234
0.1339,0.3234
0.3234,0.1339
0.3234,-0.1339
0.1339,-0.3234
-0.1339,-0.3234
-0.3234,-0.1339
-0.3234,0.1339
-0.1607,0.3880
0.1607,0.3880
0.3880,0.1607
0.3880,-0.1607
0.1607,-0.3880
-0.1607,-0.3880
-0.3880,-0.1607
-0.3880,0.1607
-0.1033,0.2494
0.1033,0.2494
0.2494,0.1033
0.2494,-0.1033
0.1033,-0.2494
-0.1033,-0.2494
-0.2494,-0.1033
-0.2494,0.1033
