32,2.54
0.1339,0.3234, 0.09
0.3234,0.1339, 0.09
0.3234,-0.1339, 0.09
0.1339,-0.3232, 0.09
-0.1339,-0.3234, 0.09
-0.3234,-0.1339, 0.09
-0.3234,0.1339, 0.09
-0.1339,0.3234, 0.09
0.0000,.3500
0.2475,0.2475
0.3500,0.0000
0.2475,-0.2475
-0.0000,-0.3500
-0.2475,-0.2475
-0.3500,-0.0000
-0.2475,0.2475
-0.0000,0.4200
0.2970,0.2970
0.4200,0.0000
0.2970,-0.2970
-0.0000,-0.4200
-0.2970,-0.2970
-0.4200, 0
-0.2970,0.2970
0.0000,0.2700
0.1909,0.1909
0.2700,0.0000
0.1909,-0.1909
0.0000,-0.2700
-0.1909,-0.1909
-0.2700,0.0000
-0.1909,0.1909