hole x,y
0.059, 0.2474, 0.045
0.1528, 0.2023, 0.045
0.2214, 0.1241, 0.045
0.2535, 0.0243, 0.045
0.2422, -0.0799, 0.045
0.1884, -0.1701, 0.045
0.1016, -0.2326, 0.045
-0.0009, -0.2552, 0.045
-0.105, -0.23, 0.045
-0.1892, -0.1658, 0.045
-0.2387, -0.072, 0.045
-0.2483, 0.0304, 0.045
-0.2144, 0.1285, 0.045
-0.1432, 0.2057, 0.045
-0.046, 0.2474, 0.045
0.0573, 0.1406, 0.045
0.1345, 0.0738, 0.045
0.1502, -0.0269, 0.045
0.0981, -0.1155, 0.045
 0, -0.1502, 0.045
-0.0964, -0.1146, 0.045
-0.1458, -0.0234, 0.045
-0.1259, 0.0764, 0.045
-0.0469, 0.1406, 0.045
0,0, 0.08

