1 90.0
2 76.1559198921
3 62.3086692666
4 48.4534023336
5 34.6199974877
6 20.7663252834
7 6.92144239473
8 -6.92144239473
9 -20.7663252834
10 -34.6199974877
11 -48.4534023336
12 -62.3086692666
13 -76.1559198921
14 -90.0
15 -103.844080108
16 -117.691330733
17 -131.546597666
18 -145.380002512
19 -159.233674717
20 -173.078557605
21 173.078557605
22 159.233674717
23 145.380002512
24 131.546597666
25 117.691330733
26 103.844080108
27 90.0
28 72.8535035251
29 55.7166160289
30 38.5668334399
31 21.4248553681
32 4.28312365885
33 -12.849613912
34 -30.0033324541
35 -47.1444637498
36 -64.2919086285
37 -81.4306061676
38 -98.5693938324
39 -115.708091372
40 -132.85553625
41 -149.996667546
42 -167.150386088
43 175.716876341
44 158.575144632
45 141.43316656
46 124.283383971
47 107.146496475
48 90.0
49 64.2972963257
50 38.5750136149
51 12.8704635796
52 -12.8704635796
53 -38.5750136149
54 -64.2972963257
55 -90.0
56 -115.702703674
57 -141.424986385
58 -167.12953642
59 167.12953642
60 141.424986385
61 115.702703674
