1 90.0035128545
2 81.0002875736
3 72.0
4 62.9997124264
5 53.9964871455
6 44.9956755509
7 35.9976991582
8 27.0
9 18.0023008418
10 9.00432444907
11 0.00351285448941
12 -8.99971242639
13 -18.0
14 -27.0002875736
15 -36.0035128545
16 -45.0043244491
17 -54.0023008418
18 -63.0
19 -71.9976991582
20 -80.9956755509
21 -89.9964871455
22 -98.9997124264
23 -108.0
24 -117.000287574
25 -126.003512854
26 -135.004324449
27 -144.002300842
28 -153.0
29 -161.997699158
30 -170.995675551
31 -179.996487146
32 171.000287574
33 162.0
34 152.999712426
35 143.996487146
36 134.995675551
37 125.997699158
38 117.0
39 108.002300842
40 99.0043244491
